13.315879102922468 Test loss (%)
97.7669358253479 Test accuracy (%)

97.45108421570269 Kappa accuracy (%)
97.7669376693767 Overall accuracy (%)
96.62911894593348 Average accuracy (%)

                              precision    recall  f1-score   support

                     Alfalfa       0.95      1.00      0.98        41
                 Corn-notill       0.97      0.94      0.95      1285
                Corn-mintill       0.99      0.97      0.98       747
                        Corn       0.92      0.94      0.93       213
               Grass-pasture       1.00      0.98      0.99       435
                 Grass-trees       0.98      1.00      0.99       657
         Grass-pasture-mowed       1.00      0.96      0.98        25
               Hay-windrowed       0.98      1.00      0.99       430
                        Oats       1.00      0.83      0.91        18
              Soybean-notill       0.97      0.99      0.98       875
             Soybean-mintill       0.97      1.00      0.98      2210
               Soybean-clean       0.99      0.92      0.96       534
                       Wheat       1.00      0.99      1.00       185
                       Woods       1.00      1.00      1.00      1139
Buildings-Grass-Trees-Drives       1.00      0.95      0.97       347
          Stone-Steel-Towers       0.86      0.99      0.92        84

                    accuracy                           0.98      9225
                   macro avg       0.97      0.97      0.97      9225
                weighted avg       0.98      0.98      0.98      9225

[[  41    0    0    0    0    0    0    0    0    0    0    0    0    0
     0    0]
 [   2 1206    0    6    0    6    0    5    0   12   48    0    0    0
     0    0]
 [   0   14  728    0    0    0    0    0    0    5    0    0    0    0
     0    0]
 [   0    9    1  200    0    0    0    0    0    0    0    3    0    0
     0    0]
 [   0    0    1    0  426    0    0    0    0    2    6    0    0    0
     0    0]
 [   0    2    0    0    0  654    0    0    0    0    0    0    0    1
     0    0]
 [   0    0    0    0    0    0   24    1    0    0    0    0    0    0
     0    0]
 [   0    0    0    0    0    0    0  430    0    0    0    0    0    0
     0    0]
 [   0    0    3    0    0    0    0    0   15    0    0    0    0    0
     0    0]
 [   0    2    0    0    0    0    0    1    0  867    5    0    0    0
     0    0]
 [   0    0    0    0    0    7    0    0    0    1 2202    0    0    0
     0    0]
 [   0   11    0   11    0    0    0    0    0    4    0  492    0    3
     0   13]
 [   0    0    0    0    1    0    0    0    0    0    0    0  184    0
     0    0]
 [   0    0    0    0    0    0    0    0    0    0    2    0    0 1137
     0    0]
 [   0    1    0    0    0    0    0    0    0    0   16    0    0    0
   330    0]
 [   0    0    0    0    0    0    0    0    0    0    0    1    0    0
     0   83]]