2.0674076413932267 Test loss (%)
99.58187937736511 Test accuracy (%)

99.52339926919007 Kappa accuracy (%)
99.58188153310104 Overall accuracy (%)
99.77567420850716 Average accuracy (%)

                              precision    recall  f1-score   support

                     Alfalfa       0.97      1.00      0.98        32
                 Corn-notill       0.99      0.99      0.99      1000
                Corn-mintill       0.99      0.99      0.99       581
                        Corn       0.99      1.00      0.99       166
               Grass-pasture       1.00      1.00      1.00       338
                 Grass-trees       0.99      1.00      1.00       511
         Grass-pasture-mowed       1.00      1.00      1.00        20
               Hay-windrowed       1.00      1.00      1.00       335
                        Oats       0.93      1.00      0.97        14
              Soybean-notill       1.00      0.99      1.00       680
             Soybean-mintill       1.00      1.00      1.00      1719
               Soybean-clean       0.99      1.00      0.99       415
                       Wheat       1.00      1.00      1.00       143
                       Woods       1.00      1.00      1.00       886
Buildings-Grass-Trees-Drives       1.00      1.00      1.00       270
          Stone-Steel-Towers       0.98      1.00      0.99        65

                    accuracy                           1.00      7175
                   macro avg       0.99      1.00      0.99      7175
                weighted avg       1.00      1.00      1.00      7175

[[  32    0    0    0    0    0    0    0    0    0    0    0    0    0
     0    0]
 [   1  987    5    0    0    0    0    0    0    0    2    4    0    0
     1    0]
 [   0    3  576    1    0    0    0    0    1    0    0    0    0    0
     0    0]
 [   0    0    0  166    0    0    0    0    0    0    0    0    0    0
     0    0]
 [   0    0    0    0  338    0    0    0    0    0    0    0    0    0
     0    0]
 [   0    0    0    1    0  510    0    0    0    0    0    0    0    0
     0    0]
 [   0    0    0    0    0    0   20    0    0    0    0    0    0    0
     0    0]
 [   0    0    0    0    0    0    0  335    0    0    0    0    0    0
     0    0]
 [   0    0    0    0    0    0    0    0   14    0    0    0    0    0
     0    0]
 [   0    4    0    0    0    0    0    0    0  676    0    0    0    0
     0    0]
 [   0    2    0    0    0    3    0    0    0    0 1714    0    0    0
     0    0]
 [   0    0    0    0    0    0    0    0    0    0    0  414    0    0
     0    1]
 [   0    0    0    0    0    0    0    0    0    0    0    0  143    0
     0    0]
 [   0    0    0    0    0    0    0    1    0    0    0    0    0  885
     0    0]
 [   0    0    0    0    0    0    0    0    0    0    0    0    0    0
   270    0]
 [   0    0    0    0    0    0    0    0    0    0    0    0    0    0
     0   65]]